P2: 2569.54639 0. 2121.91456 0. 0. 2590.71606 1395.44267 0. 0. 0. 1. 0.     
R0_rect: 1. 0. 0. 0. 1. 0. 0. 0. 1.
Tr_velo_to_cam: -2.5906428169614248e-02 -9.9668596531420717e-01 7.7109944398759844e-02 0.032 9.3881022944456549e-02 -7.9220617559103979e-02 -9.9242654503215322e-01 -0.411 9.9524630645403300e-01 -1.8471066543148174e-02 9.5622221216428382e-02 -0.593


